Eleclectrode_Positions_2.0
Electrode#	Time	X	Y	Z
1	-4	5.68041	40.1319	158.967	
1	13	5.71812	40.1038	158.952	
1	29	5.77607	40.0382	158.951	
1	46	5.70089	40.1404	158.979	
1	63	5.80805	40.0243	158.988	
1	79	5.79161	40.0484	158.983	
1	96	5.74854	40.025	159.011	
1	113	5.69652	40.095	158.987	
1	129	5.69326	40.149	159.064	
1	146	5.81112	40.0913	159.023	
1	163	5.84851	40.0535	159	
1	179	5.86452	40.0991	159.018	
1	196	5.97628	39.9686	159.023	
1	213	5.99414	39.945	159.004	
1	229	6.05307	39.8543	159.01	
1	246	6.08849	39.9779	159.025	
1	263	6.21574	39.8206	159.005	
1	279	6.26634	39.817	158.937	
1	296	6.24028	39.8625	159.004	
1	313	6.34258	39.8	158.941	
1	329	6.3882	39.7237	158.889	
1	346	6.31326	39.8116	158.909	
1	363	6.31048	39.8637	158.924	
1	379	6.2937	39.8926	158.907	
1	396	6.38179	39.7749	158.875	
1	413	6.3155	39.8558	158.88	
1	429	6.34886	39.8112	158.862	
1	446	6.40374	39.7311	158.846	
1	463	6.45852	39.6906	158.84	
1	479	6.43754	39.7048	158.884	
1	496	6.52904	39.6431	158.86	
1	513	6.59808	39.6168	158.835	
1	529	6.66656	39.5476	158.792	
1	546	6.63351	39.5437	158.799	
1	563	6.55406	39.6654	158.8	
1	579	6.51952	39.6267	158.815	
1	596	6.5586	39.6004	158.791	
1	613	6.52792	39.5786	158.833	
1	629	6.56302	39.5388	158.785	
1	646	6.61879	39.3899	158.788	
1	663	6.64206	39.3778	158.808	
1	679	6.66036	39.3866	158.824	
1	696	6.59315	39.397	158.828	
1	713	6.60736	39.2816	158.842	
1	729	6.58069	39.3161	158.854	
1	746	6.62073	39.2895	158.867	
1	763	6.58801	39.3112	158.847	
1	779	6.59538	39.2969	158.86	
1	796	6.5453	39.285	158.904	
1	813	6.5497	39.2609	158.877	
1	829	6.52114	39.2059	158.901	
1	846	6.61681	39.1088	158.924	
1	863	6.60066	39.0828	158.922	
1	879	6.66564	39.0012	158.9	
1	896	6.65986	38.9729	158.911	
1	913	6.69962	38.8756	158.917	
1	929	6.70344	38.8176	158.914	
1	946	6.61614	38.8026	158.94	
1	963	6.61812	38.7645	158.96	
1	979	6.57691	38.7372	158.975	
1	996	6.52158	38.7665	158.984	
1	1013	6.39067	38.816	159.043	
1	1029	6.36486	38.8005	159.038	
1	1046	6.32531	38.7085	159.061	
1	1063	6.25698	38.6892	159.076	
1	1079	6.18567	38.6469	159.154	
1	1096	6.22973	38.6044	159.178	
1	1113	6.22603	38.5159	159.198	
1	1129	6.24032	38.4156	159.195	
1	1146	6.13007	38.4091	159.241	
1	1163	6.12483	38.335	159.256	
1	1179	6.00924	38.2939	159.317	
1	1196	5.87843	38.3226	159.361	
1	1213	5.77964	38.3648	159.411	
1	1229	5.65714	38.3104	159.427	
1	1246	5.57187	38.2738	159.448	
1	1263	5.40992	38.2698	159.527	
1	1279	5.37947	38.1915	159.499	
1	1296	5.33269	38.0146	159.563	
1	1313	5.22176	38.0891	159.624	
1	1329	5.15369	38.0156	159.692	
1	1346	5.13834	37.9124	159.666	
1	1363	5.14702	37.7374	159.726	
1	1379	5.07887	37.7079	159.755	
1	1396	4.96109	37.6622	159.821	
1	1413	4.93648	37.587	159.815	
1	1429	4.88226	37.5229	159.897	
1	1446	4.75304	37.5857	159.91	
1	1463	4.71573	37.4281	159.913	
1	1479	4.59995	37.3988	159.97	
1	1496	4.55113	37.3296	160	
1	1513	4.41226	37.3338	160.005	
1	1529	4.32145	37.3151	160.012	
1	1546	4.25933	37.2121	160.066	
1	1563	4.22616	37.0852	160.079	
1	1579	4.15123	37.008	160.143	
1	1596	4.15602	36.9454	160.134	
1	1613	4.04708	36.7738	160.188	
1	1629	3.93135	36.8355	160.233	
1	1646	3.88872	36.7512	160.253	
1	1663	3.77314	36.7005	160.302	
1	1679	3.70583	36.5248	160.349	
1	1696	3.62297	36.5579	160.367	
1	1713	3.60708	36.4478	160.439	
1	1729	3.57636	36.3258	160.411	
1	1746	3.51328	36.2561	160.497	
1	1763	3.46664	36.1802	160.514	
1	1779	3.41056	36.0421	160.542	
1	1796	3.22298	36.0575	160.584	
1	1813	3.25251	35.916	160.651	
1	1829	3.06471	35.8251	160.778	
1	1846	2.9533	35.6655	160.836	
1	1863	2.83168	35.6552	160.87	
1	1879	2.7262	35.5239	160.914	
1	1896	2.69043	35.4078	160.877	
1	1913	2.52522	35.3696	160.981	
1	1929	2.44568	35.3236	161.006	
1	1946	2.45922	35.1267	161.037	
1	1963	2.36368	35.0835	161.045	
1	1979	2.31212	35.0003	161.106	
1	1996	2.22939	34.9076	161.119	
1	2013	2.26333	34.6868	161.14	
1	2029	2.18149	34.653	161.185	
1	2046	2.1181	34.5709	161.239	
1	2063	2.08073	34.4888	161.229	
1	2079	2.01874	34.3795	161.272	
1	2096	1.89515	34.3529	161.276	
1	2113	1.81911	34.279	161.309	
1	2129	1.7136	34.2148	161.284	
1	2146	1.65895	34.1013	161.368	
1	2163	1.51301	34.1446	161.383	
1	2179	1.45188	33.9928	161.416	
1	2196	1.411	33.8776	161.419	
1	2213	1.37017	33.7355	161.469	
1	2229	1.26618	33.7026	161.491	
1	2246	1.17885	33.627	161.472	
1	2263	1.09314	33.4697	161.526	
1	2279	0.961804	33.4331	161.607	
1	2296	0.841346	33.403	161.59	
1	2313	0.764045	33.2878	161.6	
1	2329	0.662307	33.214	161.623	
1	2346	0.597162	33.1219	161.657	
1	2363	0.441018	33.0944	161.692	
1	2379	0.334509	32.9737	161.67	
1	2396	0.23533	32.8728	161.753	
1	2413	0.0858696	32.9003	161.741	
1	2429	0.030404	32.738	161.728	
1	2446	-0.202221	32.7042	161.81	
1	2463	-0.231005	32.5611	161.809	
1	2479	-0.375143	32.5677	161.827	
1	2496	-0.467458	32.4603	161.795	
2	-4	6.35157	42.9362	152.769	
2	13	6.33876	42.9533	152.769	
2	29	6.3816	42.9029	152.774	
2	46	6.35612	42.9483	152.781	
2	63	6.38109	42.9089	152.818	
2	79	6.37195	42.9274	152.811	
2	96	6.36231	42.8736	152.828	
2	113	6.31921	42.9386	152.803	
2	129	6.311	42.9906	152.878	
2	146	6.34833	43.0044	152.863	
2	163	6.39116	42.9597	152.837	
2	179	6.39428	43.0119	152.857	
2	196	6.4034	42.9733	152.898	
2	213	6.44334	42.9327	152.873	
2	229	6.45111	42.8819	152.895	
2	246	6.43862	43.04	152.924	
2	263	6.53842	42.9031	152.912	
2	279	6.53845	42.9365	152.861	
2	296	6.54716	42.9523	152.914	
2	313	6.57958	42.9403	152.874	
2	329	6.62244	42.8683	152.824	
2	346	6.57763	42.9316	152.832	
2	363	6.55841	42.9928	152.851	
2	379	6.5417	43.0234	152.835	
2	396	6.58511	42.9368	152.818	
2	413	6.51778	43.0228	152.826	
2	429	6.54045	42.9846	152.811	
2	446	6.54133	42.9445	152.815	
2	463	6.55799	42.9316	152.824	
2	479	6.53057	42.9519	152.871	
2	496	6.57824	42.9174	152.861	
2	513	6.60281	42.9198	152.852	
2	529	6.64241	42.8731	152.823	
2	546	6.63212	42.8588	152.823	
2	563	6.61027	42.9471	152.805	
2	579	6.59676	42.8974	152.813	
2	596	6.59366	42.8972	152.805	
2	613	6.58605	42.8626	152.839	
2	629	6.59994	42.8404	152.801	
2	646	6.63048	42.7086	152.814	
2	663	6.62482	42.7161	152.846	
2	679	6.62342	42.7369	152.869	
2	696	6.58202	42.7389	152.867	
2	713	6.58607	42.6309	152.886	
2	729	6.54656	42.6764	152.904	
2	746	6.60881	42.6379	152.91	
2	763	6.58686	42.6542	152.886	
2	779	6.60089	42.6361	152.897	
2	796	6.5449	42.6376	152.95	
2	813	6.5699	42.6052	152.918	
2	829	6.55649	42.5418	152.937	
2	846	6.60007	42.475	152.978	
2	863	6.59415	42.4506	152.977	
2	879	6.65283	42.3725	152.957	
2	896	6.63112	42.3555	152.975	
2	913	6.65348	42.2759	152.992	
2	929	6.66231	42.2229	152.992	
2	946	6.60657	42.2006	153.013	
2	963	6.59785	42.1708	153.038	
2	979	6.55932	42.1522	153.059	
2	996	6.53736	42.1708	153.061	
2	1013	6.45412	42.2014	153.109	
2	1029	6.42509	42.1942	153.109	
2	1046	6.39064	42.1121	153.139	
2	1063	6.34493	42.0905	153.153	
2	1079	6.26899	42.0631	153.24	
2	1096	6.29059	42.0414	153.276	
2	1113	6.26649	41.9791	153.313	
2	1129	6.28251	41.8894	153.316	
2	1146	6.20638	41.8796	153.359	
2	1163	6.20189	41.8211	153.385	
2	1179	6.14744	41.7593	153.433	
2	1196	6.05654	41.779	153.473	
2	1213	5.99743	41.8085	153.516	
2	1229	5.91744	41.7491	153.532	
2	1246	5.85016	41.7154	153.556	
2	1263	5.76335	41.6823	153.622	
2	1279	5.73891	41.6163	153.602	
2	1296	5.69949	41.4519	153.674	
2	1313	5.60716	41.5261	153.736	
2	1329	5.53992	41.4691	153.814	
2	1346	5.53254	41.3756	153.795	
2	1363	5.50636	41.2361	153.874	
2	1379	5.45817	41.2149	153.911	
2	1396	5.40589	41.1456	153.966	
2	1413	5.36629	41.0945	153.973	
2	1429	5.34557	41.0216	154.052	
2	1446	5.26987	41.0674	154.059	
2	1463	5.26969	40.9009	154.06	
2	1479	5.19033	40.8625	154.115	
2	1496	5.16669	40.7936	154.147	
2	1513	5.09857	40.7686	154.144	
2	1529	5.06299	40.7264	154.143	
2	1546	4.96772	40.6615	154.216	
2	1563	4.9654	40.5295	154.231	
2	1579	4.91134	40.4548	154.299	
2	1596	4.89672	40.4224	154.306	
2	1613	4.8152	40.2513	154.363	
2	1629	4.72791	40.3114	154.411	
2	1646	4.66438	40.2624	154.451	
2	1663	4.61575	40.1846	154.493	
2	1679	4.56891	40.0152	154.546	
2	1696	4.48785	40.0662	154.576	
2	1713	4.52216	39.9383	154.644	
2	1729	4.47317	39.8479	154.633	
2	1746	4.45802	39.7592	154.714	
2	1763	4.3827	39.7262	154.753	
2	1779	4.35779	39.5895	154.788	
2	1796	4.24533	39.568	154.82	
2	1813	4.22453	39.4795	154.91	
2	1829	4.23295	39.4463	155.129	
2	1846	4.17696	39.3059	155.211	
2	1863	4.0715	39.3267	155.266	
2	1879	4.02427	39.1945	155.32	
2	1896	3.97307	39.1286	155.311	
2	1913	3.87639	39.0765	155.42	
2	1929	3.80427	39.0569	155.463	
2	1946	3.8007	38.9023	155.516	
2	1963	3.73202	38.8707	155.538	
2	1979	3.6772	38.8175	155.617	
2	1996	3.6023	38.7491	155.648	
2	2013	3.60962	38.5686	155.69	
2	2029	3.52329	38.5607	155.751	
2	2046	3.49997	38.4745	155.811	
2	2063	3.45076	38.4199	155.817	
2	2079	3.41288	38.3161	155.869	
2	2096	3.33054	38.2837	155.879	
2	2113	3.28435	38.2115	155.921	
2	2129	3.23163	38.1346	155.901	
2	2146	3.17486	38.0363	155.994	
2	2163	3.06451	38.0756	156.017	
2	2179	3.0236	37.9304	156.061	
2	2196	2.95353	37.8482	156.079	
2	2213	2.90239	37.7296	156.143	
2	2229	2.81656	37.7023	156.174	
2	2246	2.75618	37.6336	156.169	
2	2263	2.68488	37.4868	156.235	
2	2279	2.57888	37.451	156.324	
2	2296	2.4974	37.4236	156.321	
2	2313	2.47688	37.2917	156.336	
2	2329	2.39761	37.2215	156.369	
2	2346	2.35308	37.1358	156.414	
2	2363	2.28664	37.0691	156.449	
2	2379	2.2076	36.9523	156.44	
2	2396	2.15689	36.8294	156.523	
2	2413	2.04327	36.8531	156.521	
2	2429	2.01726	36.6945	156.523	
2	2446	1.87808	36.6116	156.603	
2	2463	1.83804	36.4961	156.618	
2	2479	1.74771	36.4859	156.645	
2	2496	1.70955	36.3601	156.622	
3	-4	6.22947	45.0085	146.375	
3	13	6.1866	45.0496	146.385	
3	29	6.22041	45.0066	146.393	
3	46	6.2235	45.0164	146.387	
3	63	6.20092	45.0204	146.439	
3	79	6.19635	45.0346	146.432	
3	96	6.20621	44.9631	146.442	
3	113	6.1685	45.0239	146.417	
3	129	6.15675	45.0746	146.491	
3	146	6.14735	45.1295	146.49	
3	163	6.19311	45.0804	146.463	
3	179	6.18829	45.1357	146.483	
3	196	6.13822	45.152	146.547	
3	213	6.1915	45.1018	146.517	
3	229	6.16986	45.0749	146.549	
3	246	6.12996	45.253	146.586	
3	263	6.21438	45.129	146.579	
3	279	6.18626	45.1837	146.538	
3	296	6.21536	45.1833	146.582	
3	313	6.20831	45.201	146.555	
3	329	6.25059	45.1319	146.507	
3	346	6.22402	45.1799	146.507	
3	363	6.19573	45.2458	146.528	
3	379	6.17968	45.2768	146.512	
3	396	6.19794	45.2082	146.504	
3	413	6.1312	45.2969	146.514	
3	429	6.14848	45.2629	146.5	
3	446	6.11965	45.2468	146.517	
3	463	6.11592	45.2509	146.534	
3	479	6.08609	45.2763	146.582	
3	496	6.10983	45.2594	146.581	
3	513	6.11042	45.2793	146.581	
3	529	6.13517	45.248	146.559	
3	546	6.13972	45.2292	146.555	
3	563	6.15253	45.2978	146.526	
3	579	6.15257	45.2412	146.531	
3	596	6.12744	45.2549	146.53	
3	613	6.13497	45.2125	146.559	
3	629	6.1389	45.1999	146.527	
3	646	6.15741	45.0787	146.546	
3	663	6.13804	45.098	146.584	
3	679	6.12819	45.1264	146.61	
3	696	6.10491	45.1231	146.606	
3	713	6.10611	45.02	146.627	
3	729	6.06199	45.0723	146.648	
3	746	6.13913	45.0277	146.649	
3	763	6.12545	45.0403	146.623	
3	779	6.14515	45.0195	146.632	
3	796	6.0882	45.0291	146.69	
3	813	6.1272	44.9916	146.654	
3	829	6.12427	44.9227	146.67	
3	846	6.13964	44.8743	146.721	
3	863	6.14178	44.8517	146.721	
3	879	6.19886	44.7759	146.702	
3	896	6.17036	44.766	146.724	
3	913	6.18528	44.6988	146.747	
3	929	6.19991	44.6503	146.749	
3	946	6.16508	44.6254	146.767	
3	963	6.15268	44.6021	146.794	
3	979	6.11849	44.5901	146.819	
3	996	6.11835	44.6036	146.817	
3	1013	6.06487	44.624	146.858	
3	1029	6.03618	44.623	146.861	
3	1046	6.00724	44.5486	146.895	
3	1063	5.9772	44.5274	146.908	
3	1079	5.90108	44.5115	147.001	
3	1096	5.91223	44.5055	147.044	
3	1113	5.87953	44.4626	147.091	
3	1129	5.89967	44.3834	147.098	
3	1146	5.84657	44.3754	147.141	
3	1163	5.8461	44.3307	147.172	
3	1179	5.83053	44.2605	147.214	
3	1196	5.76594	44.2782	147.251	
3	1213	5.73285	44.3029	147.29	
3	1229	5.68117	44.2432	147.305	
3	1246	5.6284	44.2128	147.331	
3	1263	5.58871	44.1656	147.389	
3	1279	5.57195	44.1089	147.374	
3	1296	5.54136	43.9551	147.451	
3	1313	5.46423	44.0316	147.514	
3	1329	5.40213	43.9876	147.599	
3	1346	5.40415	43.9029	147.583	
3	1363	5.3627	43.7886	147.674	
3	1379	5.33126	43.777	147.715	
3	1396	5.32143	43.699	147.764	
3	1413	5.278	43.6656	147.78	
3	1429	5.28084	43.5921	147.856	
3	1446	5.24023	43.6315	147.86	
3	1463	5.26542	43.4635	147.86	
3	1479	5.21103	43.4232	147.914	
3	1496	5.20571	43.3589	147.949	
3	1513	5.18233	43.3205	147.94	
3	1529	5.18256	43.2664	147.935	
3	1546	5.07232	43.2272	148.02	
3	1563	5.09238	43.0957	148.035	
3	1579	5.0547	43.0265	148.106	
3	1596	5.03309	43.0166	148.123	
3	1613	4.97227	42.8508	148.183	
3	1629	4.90655	42.914	148.233	
3	1646	4.83611	42.891	148.285	
3	1663	4.8315	42.8016	148.323	
3	1679	4.80148	42.6418	148.381	
3	1696	4.7265	42.7082	148.418	
3	1713	4.7946	42.5755	148.485	
3	1729	4.74039	42.5082	148.484	
3	1746	4.75782	42.4137	148.563	
3	1763	4.67195	42.4104	148.616	
3	1779	4.67151	42.2803	148.655	
3	1796	4.60896	42.2409	148.681	
3	1813	4.56556	42.188	148.786	
3	1829	4.71214	42.2066	149.067	
3	1846	4.70848	42.0935	149.164	
3	1863	4.63167	42.1475	149.233	
3	1879	4.63673	42.0291	149.295	
3	1896	4.59458	42.0044	149.305	
3	1913	4.55449	41.9563	149.417	
3	1929	4.5024	41.9624	149.473	
3	1946	4.50422	41.8426	149.541	
3	1963	4.46572	41.8267	149.572	
3	1979	4.42312	41.7997	149.664	
3	1996	4.36691	41.7537	149.708	
3	2013	4.3724	41.6048	149.762	
3	2029	4.29689	41.6188	149.835	
3	2046	4.30888	41.5379	149.899	
3	2063	4.26544	41.5046	149.916	
3	2079	4.25355	41.4096	149.975	
3	2096	4.20713	41.3784	149.99	
3	2113	4.18986	41.3112	150.038	
3	2129	4.17942	41.2303	150.023	
3	2146	4.13257	41.1435	150.122	
3	2163	4.05414	41.183	150.15	
3	2179	4.03582	41.0448	150.201	
3	2196	3.96061	40.9835	150.23	
3	2213	3.91456	40.8823	150.304	
3	2229	3.85053	40.8614	150.342	
3	2246	3.81713	40.8004	150.346	
3	2263	3.76515	40.6642	150.421	
3	2279	3.68452	40.633	150.516	
3	2296	3.63618	40.6125	150.524	
3	2313	3.65869	40.4751	150.543	
3	2329	3.60221	40.4108	150.584	
3	2346	3.57878	40.3343	150.638	
3	2363	3.57372	40.2492	150.675	
3	2379	3.51986	40.139	150.675	
3	2396	3.50566	40.008	150.759	
3	2413	3.42176	40.0329	150.765	
3	2429	3.4214	39.8818	150.778	
3	2446	3.34514	39.7746	150.86	
3	2463	3.30653	39.6802	150.887	
3	2479	3.2558	39.6656	150.922	
3	2496	3.25734	39.5335	150.906	
4	-4	5.31414	46.3489	139.786	
4	13	5.26164	46.3926	139.798	
4	29	5.29251	46.3494	139.807	
4	46	5.30303	46.3449	139.797	
4	63	5.26754	46.359	139.854	
4	79	5.26479	46.37	139.846	
4	96	5.28026	46.2935	139.854	
4	113	5.24438	46.3509	139.829	
4	129	5.23049	46.4009	139.902	
4	146	5.20818	46.4667	139.906	
4	163	5.25435	46.4157	139.877	
4	179	5.24655	46.4705	139.898	
4	196	5.18074	46.5048	139.969	
4	213	5.23863	46.4521	139.937	
4	229	5.20932	46.4332	139.971	
4	246	5.16251	46.617	140.011	
4	263	5.24361	46.4981	140.006	
4	279	5.20979	46.5585	139.967	
4	296	5.24487	46.5555	140.008	
4	313	5.22875	46.5821	139.985	
4	329	5.27264	46.5145	139.936	
4	346	5.2524	46.5565	139.934	
4	363	5.22244	46.6229	139.955	
4	379	5.20767	46.6529	139.939	
4	396	5.22028	46.589	139.934	
4	413	5.15576	46.6782	139.944	
4	429	5.17295	46.6461	139.93	
4	446	5.13869	46.6379	139.95	
4	463	5.13229	46.6485	139.97	
4	479	5.10412	46.6779	140.018	
4	496	5.12379	46.6689	140.019	
4	513	5.12092	46.6954	140.022	
4	529	5.14484	46.6723	140.003	
4	546	5.15631	46.6549	139.997	
4	563	5.18087	46.7174	139.963	
4	579	5.18695	46.6582	139.966	
4	596	5.15993	46.6736	139.967	
4	613	5.17467	46.6283	139.995	
4	629	5.17992	46.6175	139.964	
4	646	5.19959	46.5002	139.984	
4	663	5.18173	46.5235	140.023	
4	679	5.17467	46.555	140.05	
4	696	5.16182	46.5498	140.043	
4	713	5.16747	46.4488	140.064	
4	729	5.12699	46.5036	140.086	
4	746	5.2117	46.4589	140.084	
4	763	5.20378	46.4694	140.056	
4	779	5.22814	46.4471	140.064	
4	796	5.1752	46.4595	140.124	
4	813	5.22161	46.4201	140.086	
4	829	5.22447	46.3486	140.101	
4	846	5.23551	46.3069	140.155	
4	863	5.24356	46.2861	140.155	
4	879	5.30375	46.2116	140.135	
4	896	5.27756	46.2046	140.158	
4	913	5.29502	46.1443	140.183	
4	929	5.31627	46.0998	140.185	
4	946	5.29166	46.0772	140.202	
4	963	5.28261	46.0584	140.23	
4	979	5.25442	46.051	140.255	
4	996	5.26455	46.0649	140.252	
4	1013	5.22293	46.0838	140.29	
4	1029	5.19815	46.0868	140.294	
4	1046	5.17512	46.0181	140.329	
4	1063	5.15378	46	140.342	
4	1079	5.08196	45.9923	140.438	
4	1096	5.09465	45.9968	140.483	
4	1113	5.06516	45.9665	140.534	
4	1129	5.0918	45.8977	140.543	
4	1146	5.05064	45.8966	140.585	
4	1163	5.05746	45.8638	140.619	
4	1179	5.05852	45.7974	140.658	
4	1196	5.00663	45.8203	140.694	
4	1213	4.98591	45.848	140.732	
4	1229	4.94832	45.7928	140.748	
4	1246	4.9066	45.7663	140.774	
4	1263	4.88599	45.7197	140.83	
4	1279	4.87861	45.6692	140.817	
4	1296	4.85831	45.524	140.895	
4	1313	4.79295	45.6055	140.958	
4	1329	4.74032	45.5713	141.045	
4	1346	4.75318	45.4941	141.03	
4	1363	4.71603	45.3949	141.126	
4	1379	4.69815	45.3941	141.168	
4	1396	4.70772	45.3222	141.215	
4	1413	4.6716	45.3004	141.234	
4	1429	4.68809	45.2344	141.31	
4	1446	4.66413	45.2779	141.313	
4	1463	4.70292	45.1159	141.313	
4	1479	4.66204	45.0808	141.367	
4	1496	4.66818	45.0253	141.403	
4	1513	4.66352	44.9894	141.393	
4	1529	4.68018	44.9351	141.388	
4	1546	4.57312	44.9092	141.476	
4	1563	4.6071	44.784	141.492	
4	1579	4.58133	44.723	141.565	
4	1596	4.56512	44.7282	141.586	
4	1613	4.51829	44.5723	141.648	
4	1629	4.46728	44.6433	141.699	
4	1646	4.40389	44.6369	141.755	
4	1663	4.42041	44.5516	141.793	
4	1679	4.40354	44.4046	141.854	
4	1696	4.33891	44.4837	141.894	
4	1713	4.42439	44.3591	141.962	
4	1729	4.37803	44.3066	141.965	
4	1746	4.4127	44.2197	142.044	
4	1763	4.3344	44.2329	142.102	
4	1779	4.35174	44.1143	142.144	
4	1796	4.31386	44.0761	142.168	
4	1813	4.27563	44.0418	142.278	
4	1829	4.50229	44.1059	142.59	
4	1846	4.54785	44.0284	142.696	
4	1863	4.5122	44.1176	142.772	
4	1879	4.56359	44.0278	142.839	
4	1896	4.55497	44.0352	142.857	
4	1913	4.55954	44.0092	142.974	
4	1929	4.54007	44.0401	143.035	
4	1946	4.56976	43.9478	143.111	
4	1963	4.56476	43.9514	143.147	
4	1979	4.54986	43.947	143.246	
4	1996	4.52322	43.9215	143.296	
4	2013	4.55164	43.7954	143.358	
4	2029	4.50229	43.8275	143.436	
4	2046	4.54481	43.7611	143.505	
4	2063	4.52476	43.7431	143.527	
4	2079	4.54076	43.66	143.59	
4	2096	4.52493	43.6367	143.608	
4	2113	4.53564	43.5781	143.661	
4	2129	4.55699	43.5017	143.648	
4	2146	4.53207	43.4229	143.751	
4	2163	4.48191	43.4666	143.782	
4	2179	4.48852	43.3359	143.838	
4	2196	4.43225	43.2834	143.871	
4	2213	4.40668	43.1934	143.95	
4	2229	4.36809	43.18	143.992	
4	2246	4.36171	43.1274	144.003	
4	2263	4.33395	43.0018	144.083	
4	2279	4.27874	42.9791	144.182	
4	2296	4.25768	42.9695	144.198	
4	2313	4.30948	42.838	144.222	
4	2329	4.27612	42.782	144.267	
4	2346	4.27426	42.7173	144.328	
4	2363	4.30227	42.6348	144.368	
4	2379	4.2713	42.5337	144.376	
4	2396	4.28164	42.4085	144.462	
4	2413	4.22134	42.4399	144.474	
4	2429	4.24284	42.2997	144.495	
4	2446	4.19895	42.1933	144.58	
4	2463	4.17447	42.1134	144.615	
4	2479	4.14912	42.1067	144.656	
4	2496	4.17591	41.9805	144.647	

