Eleclectrode_Positions_2.0
Electrode#	Time	X	Y	Z
1	-4	36.1335	33.2585	99.896	
1	13	36.1492	33.2593	99.942	
1	29	36.1598	33.2035	99.8957	
1	46	36.1561	33.2254	100.004	
1	63	36.1858	33.2169	99.9695	
1	79	36.1868	33.1614	99.9279	
1	96	36.2158	33.126	99.85	
1	113	36.1932	33.1466	99.9274	
1	129	36.1733	33.1772	99.94	
1	146	36.195	33.1633	99.9189	
1	163	36.1883	33.1735	99.8669	
1	179	36.1527	33.2008	99.9046	
1	196	36.1658	33.1746	99.7971	
1	213	36.1725	33.1747	99.8401	
1	229	36.1525	33.2436	99.8332	
1	246	36.1142	33.285	99.9112	
1	263	36.1434	33.2436	99.8083	
1	279	36.1661	33.2647	99.8216	
1	296	36.1387	33.2847	99.81	
1	313	36.1498	33.3177	99.8372	
1	329	36.1718	33.2902	99.8044	
1	346	36.1701	33.3033	99.7502	
1	363	36.1474	33.3602	99.8201	
1	379	36.16	33.3332	99.7227	
1	396	36.1638	33.4144	99.8244	
1	413	36.1309	33.4216	99.7347	
1	429	36.1201	33.4685	99.7915	
1	446	36.1533	33.45	99.6671	
1	463	36.1212	33.4727	99.6866	
1	479	36.0865	33.5877	99.7587	
1	496	36.0852	33.5994	99.7856	
1	513	36.1054	33.5839	99.7131	
1	529	36.096	33.621	99.6682	
1	546	36.0808	33.6223	99.6653	
1	563	36.1145	33.6623	99.679	
1	579	36.1131	33.6487	99.6633	
1	596	36.101	33.672	99.6942	
1	613	36.1021	33.6797	99.7485	
1	629	36.1315	33.6423	99.6991	
1	646	36.1404	33.668	99.7111	
1	663	36.1467	33.6654	99.7019	
1	679	36.1597	33.653	99.6984	
1	696	36.1715	33.6483	99.7152	
1	713	36.1682	33.642	99.68	
1	729	36.1458	33.7301	99.7866	
1	746	36.1564	33.7547	99.7584	
1	763	36.1488	33.7535	99.7101	
1	779	36.1272	33.7738	99.6808	
1	796	36.1282	33.7957	99.6842	
1	813	36.1408	33.7967	99.6553	
1	829	36.0978	33.8246	99.7067	
1	846	36.0942	33.9258	99.794	
1	863	36.1183	33.9012	99.7781	
1	879	36.1097	33.8988	99.7223	
1	896	36.1043	33.9705	99.7762	
1	913	36.1054	33.945	99.7528	
1	929	36.1277	33.9056	99.6565	
1	946	36.1137	33.9483	99.6857	
1	963	36.0961	34.0011	99.7397	
1	979	36.1024	34.0252	99.7941	
1	996	36.09	34.0197	99.7486	
1	1013	36.065	34.0642	99.7633	
1	1029	36.0639	34.037	99.6714	
1	1046	36.0635	34.0545	99.6908	
1	1063	36.0413	34.0686	99.6474	
1	1079	36.0162	34.1466	99.7715	
1	1096	36.0016	34.1703	99.7445	
1	1113	35.9947	34.1467	99.7658	
1	1129	36.0032	34.1457	99.7321	
1	1146	35.9966	34.1459	99.7498	
1	1163	35.9961	34.1546	99.726	
1	1179	36.0084	34.1685	99.7921	
1	1196	35.9984	34.1589	99.7865	
1	1213	35.9863	34.1573	99.8737	
1	1229	36.0105	34.0771	99.7791	
1	1246	36.0178	34.051	99.8029	
1	1263	36.0223	34.0474	99.8114	
1	1279	36.036	34.0313	99.8613	
1	1296	36.0498	34.0182	99.8961	
1	1313	36.0342	34.0296	99.8951	
1	1329	36.022	34.0166	99.9796	
1	1346	36.0292	34.0118	99.9463	
1	1363	36.0232	34.0231	99.9655	
1	1379	36.0129	34.0096	99.9266	
1	1396	36.0071	34.0332	100.022	
1	1413	36.0223	33.9815	99.9626	
1	1429	35.9975	33.9915	100.072	
1	1446	35.9858	34.0162	100.095	
1	1463	35.9995	34.0131	100.174	
1	1479	36.0195	33.9457	100.101	
1	2329	36.7606	30.8754	101.78	
1	2346	36.7743	30.7711	101.795	
1	2363	36.7971	30.6511	101.89	
1	2379	36.827	30.5182	101.924	
1	2396	36.8101	30.4199	101.993	
1	2413	36.7846	30.3278	102.017	
1	2429	36.8232	30.1887	102.023	
1	2446	36.7746	30.0657	102.024	
1	2463	36.7878	29.9875	102.079	
1	2479	36.8062	29.8454	102.068	
1	2496	36.8361	29.6955	102.013	
2	-4	32.6169	34.0425	101.628	
2	13	32.6299	34.0392	101.671	
2	29	32.6419	33.9875	101.625	
2	46	32.6388	34.0132	101.733	
2	63	32.6687	34.0075	101.698	
2	79	32.6691	33.9526	101.655	
2	96	32.702	33.9248	101.581	
2	113	32.6817	33.9498	101.661	
2	129	32.6584	33.9737	101.67	
2	146	32.6822	33.9616	101.652	
2	163	32.6761	33.9693	101.602	
2	179	32.6421	33.9978	101.643	
2	196	32.658	33.9731	101.54	
2	213	32.6656	33.9717	101.586	
2	229	32.6446	34.0351	101.579	
2	246	32.605	34.0724	101.657	
2	263	32.6381	34.0377	101.559	
2	279	32.6592	34.0543	101.571	
2	296	32.6315	34.0734	101.559	
2	313	32.6413	34.1046	101.584	
2	329	32.6649	34.0797	101.553	
2	346	32.663	34.0921	101.499	
2	363	32.638	34.144	101.567	
2	379	32.6545	34.1226	101.475	
2	396	32.6566	34.198	101.576	
2	413	32.6244	34.2034	101.488	
2	429	32.6141	34.2495	101.546	
2	446	32.6518	34.2353	101.429	
2	463	32.6204	34.2557	101.451	
2	479	32.5834	34.3624	101.522	
2	496	32.5844	34.3769	101.552	
2	513	32.6064	34.3618	101.483	
2	529	32.5965	34.3947	101.439	
2	546	32.5846	34.4022	101.44	
2	563	32.6179	34.4415	101.453	
2	579	32.6153	34.4255	101.436	
2	596	32.6038	34.4517	101.467	
2	613	32.604	34.4601	101.519	
2	629	32.6346	34.4264	101.47	
2	646	32.6428	34.4525	101.481	
2	663	32.6504	34.4528	101.472	
2	679	32.6645	34.4438	101.469	
2	696	32.6756	34.4376	101.486	
2	713	32.6727	34.4299	101.452	
2	729	32.6507	34.5191	101.559	
2	746	32.6621	34.5427	101.533	
2	763	32.6562	34.5402	101.488	
2	779	32.6382	34.5654	101.464	
2	796	32.6408	34.5876	101.47	
2	813	32.6522	34.5826	101.442	
2	829	32.6095	34.609	101.494	
2	846	32.6046	34.7075	101.58	
2	863	32.6294	34.6832	101.565	
2	879	32.6206	34.6788	101.51	
2	896	32.6139	34.7473	101.563	
2	913	32.6165	34.7252	101.541	
2	929	32.6382	34.683	101.445	
2	946	32.6237	34.7245	101.473	
2	963	32.6051	34.7766	101.526	
2	979	32.6101	34.7982	101.579	
2	996	32.5982	34.792	101.535	
2	1013	32.5738	34.8356	101.551	
2	1029	32.5745	34.8085	101.462	
2	1046	32.573	34.8222	101.481	
2	1063	32.5538	34.8388	101.442	
2	1079	32.526	34.9121	101.564	
2	1096	32.5117	34.936	101.537	
2	1113	32.5073	34.9151	101.562	
2	1129	32.5156	34.913	101.528	
2	1146	32.5085	34.9113	101.546	
2	1163	32.509	34.9227	101.523	
2	1179	32.5183	34.9324	101.585	
2	1196	32.5088	34.9257	101.579	
2	1213	32.4956	34.9257	101.663	
2	1229	32.5228	34.8511	101.572	
2	1246	32.5285	34.8243	101.593	
2	1263	32.5337	34.8237	101.602	
2	1279	32.5475	34.8104	101.65	
2	1296	32.5608	34.7972	101.684	
2	1313	32.5433	34.8057	101.681	
2	1329	32.5324	34.7959	101.767	
2	1346	32.5413	34.7937	101.735	
2	1363	32.5355	34.8035	101.756	
2	1379	32.5278	34.7935	101.72	
2	1396	32.5214	34.8174	101.814	
2	1413	32.5379	34.7676	101.757	
2	1429	32.5112	34.7759	101.863	
2	1446	32.4987	34.7995	101.885	
2	1463	32.5101	34.7951	101.96	
2	1479	32.5319	34.7307	101.89	
2	2329	33.2209	31.8105	103.385	
2	2346	33.2369	31.7247	103.394	
2	2363	33.262	31.6226	103.483	
2	2379	33.2915	31.5024	103.508	
2	2396	33.275	31.4143	103.572	
2	2413	33.2505	31.3314	103.592	
2	2429	33.2919	31.202	103.598	
2	2446	33.244	31.0847	103.597	
2	2463	33.2596	31.0134	103.653	
2	2479	33.2814	30.8815	103.642	
2	2496	33.3163	30.742	103.591	
3	-4	26.3844	35.1204	104.618	
3	13	26.393	35.1113	104.654	
3	29	26.4065	35.065	104.609	
3	46	26.4039	35.0956	104.717	
3	63	26.4334	35.0935	104.679	
3	79	26.4324	35.0391	104.633	
3	96	26.4706	35.0217	104.566	
3	113	26.4532	35.053	104.649	
3	129	26.4247	35.0678	104.651	
3	146	26.4514	35.0584	104.638	
3	163	26.4461	35.0628	104.592	
3	179	26.4147	35.0931	104.637	
3	196	26.4347	35.0706	104.542	
3	213	26.4438	35.0667	104.591	
3	229	26.4212	35.1224	104.585	
3	246	26.3796	35.1542	104.66	
3	263	26.4188	35.128	104.571	
3	279	26.4376	35.1382	104.581	
3	296	26.4097	35.1555	104.569	
3	313	26.4176	35.1833	104.592	
3	329	26.4439	35.1612	104.565	
3	346	26.442	35.1718	104.512	
3	363	26.4138	35.2162	104.576	
3	379	26.4364	35.2014	104.494	
3	396	26.4363	35.2683	104.593	
3	413	26.4053	35.2705	104.509	
3	429	26.3958	35.3152	104.569	
3	446	26.4404	35.3062	104.464	
3	463	26.4102	35.323	104.49	
3	479	26.3696	35.4177	104.558	
3	496	26.374	35.4356	104.594	
3	513	26.3988	35.42	104.531	
3	529	26.3881	35.4461	104.488	
3	546	26.3808	35.4615	104.495	
3	563	26.4134	35.4994	104.507	
3	579	26.4086	35.4795	104.487	
3	596	26.398	35.5092	104.518	
3	613	26.3966	35.5179	104.567	
3	629	26.4286	35.4889	104.519	
3	646	26.4357	35.5151	104.527	
3	663	26.445	35.5191	104.521	
3	679	26.4604	35.5146	104.52	
3	696	26.4706	35.5061	104.535	
3	713	26.4681	35.4959	104.503	
3	729	26.4464	35.5866	104.61	
3	746	26.459	35.6085	104.586	
3	763	26.4553	35.6036	104.547	
3	779	26.4427	35.635	104.531	
3	796	26.4477	35.6573	104.542	
3	813	26.4573	35.6434	104.514	
3	829	26.4149	35.6674	104.568	
3	846	26.4081	35.7619	104.651	
3	863	26.434	35.7376	104.639	
3	879	26.4251	35.7294	104.584	
3	896	26.4167	35.7923	104.636	
3	913	26.4214	35.775	104.616	
3	929	26.4422	35.7276	104.52	
3	946	26.4271	35.7669	104.548	
3	963	26.4069	35.8176	104.598	
3	979	26.4101	35.8348	104.649	
3	996	26.3992	35.8269	104.607	
3	1013	26.3756	35.8685	104.626	
3	1029	26.379	35.8409	104.543	
3	1046	26.3759	35.8485	104.56	
3	1063	26.3609	35.8682	104.529	
3	1079	26.3294	35.9338	104.645	
3	1096	26.3156	35.9576	104.62	
3	1113	26.3146	35.9399	104.65	
3	1129	26.3224	35.9357	104.616	
3	1146	26.3146	35.9307	104.633	
3	1163	26.3165	35.9461	104.612	
3	1179	26.3215	35.9489	104.667	
3	1196	26.3127	35.9466	104.662	
3	1213	26.298	35.949	104.742	
3	1229	26.3297	35.8826	104.657	
3	1246	26.333	35.855	104.674	
3	1263	26.3393	35.8589	104.683	
3	1279	26.3533	35.8506	104.731	
3	1296	26.3658	35.8375	104.763	
3	1313	26.3454	35.8423	104.755	
3	1329	26.3366	35.8374	104.843	
3	1346	26.3479	35.8392	104.815	
3	1363	26.3425	35.8462	104.837	
3	1379	26.3384	35.8415	104.807	
3	1396	26.3311	35.8661	104.899	
3	1413	26.3497	35.8192	104.845	
3	1429	26.3202	35.8255	104.947	
3	1446	26.3066	35.8475	104.967	
3	1463	26.3148	35.8424	105.036	
3	1479	26.339	35.7822	104.969	
3	2329	26.9464	33.1398	106.179	
3	2346	26.9624	33.079	106.175	
3	2363	26.9883	33.0027	106.253	
3	2379	27.015	32.9022	106.262	
3	2396	26.9978	32.8306	106.315	
3	2413	26.9733	32.7623	106.328	
3	2429	27.0179	32.6481	106.333	
3	2446	26.97	32.5402	106.327	
3	2463	26.9881	32.4796	106.382	
3	2479	27.0137	32.3646	106.371	
3	2496	27.0551	32.2415	106.326	
4	-4	24.5887	35.352	105.464	
4	13	24.5962	35.3413	105.498	
4	29	24.6101	35.2962	105.454	
4	46	24.6076	35.3279	105.561	
4	63	24.6369	35.3265	105.522	
4	79	24.6355	35.2722	105.475	
4	96	24.6749	35.2574	105.411	
4	113	24.6582	35.2901	105.495	
4	129	24.6284	35.3026	105.494	
4	146	24.6557	35.2939	105.483	
4	163	24.6507	35.2974	105.437	
4	179	24.62	35.3281	105.484	
4	196	24.6411	35.306	105.391	
4	213	24.6506	35.3016	105.441	
4	229	24.6276	35.3553	105.434	
4	246	24.5854	35.3856	105.509	
4	263	24.6263	35.3615	105.423	
4	279	24.6445	35.37	105.432	
4	296	24.6165	35.3868	105.42	
4	313	24.6241	35.4138	105.442	
4	329	24.651	35.3923	105.417	
4	346	24.6491	35.4024	105.364	
4	363	24.6201	35.445	105.426	
4	379	24.6442	35.4319	105.347	
4	396	24.6436	35.4966	105.446	
4	413	24.613	35.498	105.363	
4	429	24.6036	35.5422	105.424	
4	446	24.6501	35.5345	105.322	
4	463	24.6201	35.5503	105.349	
4	479	24.5787	35.6419	105.416	
4	496	24.5839	35.6606	105.453	
4	513	24.6094	35.6448	105.391	
4	529	24.5986	35.669	105.349	
4	546	24.5925	35.6862	105.358	
4	563	24.6249	35.7236	105.37	
4	579	24.6196	35.7025	105.349	
4	596	24.6092	35.7329	105.38	
4	613	24.6074	35.7416	105.428	
4	629	24.6398	35.7137	105.381	
4	646	24.6466	35.7398	105.389	
4	663	24.6563	35.7445	105.383	
4	679	24.6721	35.7411	105.382	
4	696	24.682	35.732	105.397	
4	713	24.6796	35.7212	105.365	
4	729	24.658	35.812	105.472	
4	746	24.6708	35.8334	105.449	
4	763	24.6677	35.8276	105.412	
4	779	24.6564	35.8605	105.398	
4	796	24.6619	35.8827	105.41	
4	813	24.6711	35.8665	105.381	
4	829	24.6288	35.8898	105.436	
4	846	24.6215	35.9832	105.518	
4	863	24.6476	35.9588	105.506	
4	879	24.6386	35.9497	105.452	
4	896	24.6298	36.0111	105.503	
4	913	24.6349	35.9948	105.484	
4	929	24.6556	35.9462	105.388	
4	946	24.6402	35.9848	105.416	
4	963	24.6197	36.035	105.465	
4	979	24.6224	36.051	105.515	
4	996	24.6117	36.0426	105.473	
4	1013	24.5882	36.0834	105.493	
4	1029	24.5923	36.0555	105.411	
4	1046	24.5887	36.0612	105.428	
4	1063	24.5748	36.0815	105.399	
4	1079	24.5423	36.1449	105.514	
4	1096	24.5286	36.1682	105.488	
4	1113	24.5284	36.1512	105.52	
4	1129	24.5361	36.1463	105.486	
4	1146	24.5282	36.1405	105.503	
4	1163	24.5305	36.1568	105.483	
4	1179	24.5343	36.1579	105.536	
4	1196	24.5258	36.1567	105.531	
4	1213	24.5107	36.1597	105.61	
4	1229	24.5435	36.0956	105.527	
4	1246	24.5463	36.0678	105.542	
4	1263	24.5529	36.0732	105.552	
4	1279	24.5671	36.0664	105.6	
4	1296	24.5793	36.0535	105.631	
4	1313	24.5582	36.0573	105.622	
4	1329	24.55	36.0538	105.711	
4	1346	24.5619	36.0568	105.684	
4	1363	24.5565	36.0629	105.707	
4	1379	24.5535	36.0595	105.678	
4	1396	24.546	36.0845	105.77	
4	1413	24.5651	36.0385	105.716	
4	1429	24.535	36.0442	105.817	
4	1446	24.5211	36.0658	105.837	
4	1463	24.5286	36.0608	105.904	
4	1479	24.5534	36.0018	105.838	
4	2329	25.1416	33.4394	106.982	
4	2346	25.157	33.3841	106.975	
4	2363	25.1826	33.3139	107.05	
4	2379	25.2081	33.2183	107.054	
4	2396	25.1903	33.1508	107.104	
4	2413	25.1655	33.0865	107.114	
4	2429	25.2107	32.9761	107.12	
4	2446	25.1625	32.871	107.111	
4	2463	25.181	32.8135	107.167	
4	2479	25.2073	32.7032	107.155	
4	2496	25.2502	32.5845	107.112	
5	-4	17.7062	35.9178	108.625	
5	13	17.7102	35.9011	108.652	
5	29	17.7254	35.8594	108.61	
5	46	17.7233	35.8943	108.718	
5	63	17.7519	35.895	108.677	
5	79	17.7489	35.8404	108.627	
5	96	17.7923	35.8338	108.569	
5	113	17.7777	35.871	108.657	
5	129	17.7433	35.8751	108.648	
5	146	17.773	35.8679	108.641	
5	163	17.769	35.8684	108.599	
5	179	17.7405	35.8998	108.65	
5	196	17.7656	35.8787	108.565	
5	213	17.7765	35.8725	108.619	
5	229	17.7525	35.9197	108.611	
5	246	17.7087	35.9443	108.683	
5	263	17.7548	35.9269	108.607	
5	279	17.7711	35.9296	108.613	
5	296	17.743	35.9445	108.602	
5	313	17.7491	35.9685	108.621	
5	329	17.7782	35.9495	108.6	
5	346	17.7763	35.9583	108.547	
5	363	17.7447	35.9946	108.605	
5	379	17.7739	35.9873	108.535	
5	396	17.7715	36.045	108.632	
5	413	17.742	36.0434	108.552	
5	429	17.733	36.0857	108.614	
5	446	17.7853	36.0822	108.524	
5	463	17.7563	36.0943	108.553	
5	479	17.7121	36.1748	108.616	
5	496	17.7201	36.1952	108.659	
5	513	17.7483	36.1785	108.603	
5	529	17.7375	36.1963	108.561	
5	546	17.7356	36.2186	108.579	
5	563	17.7675	36.2537	108.59	
5	579	17.7608	36.2282	108.567	
5	596	17.7511	36.2601	108.599	
5	613	17.7479	36.2682	108.644	
5	629	17.7816	36.2434	108.6	
5	646	17.7875	36.2685	108.605	
5	663	17.7988	36.2758	108.603	
5	679	17.8155	36.2754	108.603	
5	696	17.8247	36.264	108.616	
5	713	17.823	36.2511	108.587	
5	729	17.8015	36.3416	108.694	
5	746	17.8151	36.3599	108.673	
5	763	17.8139	36.3509	108.64	
5	779	17.8069	36.3883	108.635	
5	796	17.8143	36.4099	108.651	
5	813	17.822	36.386	108.62	
5	829	17.7799	36.4072	108.675	
5	846	17.7708	36.4963	108.755	
5	863	17.7973	36.4708	108.744	
5	879	17.788	36.4585	108.69	
5	896	17.7774	36.5153	108.738	
5	913	17.7839	36.5014	108.721	
5	929	17.8038	36.4496	108.624	
5	946	17.7875	36.4857	108.65	
5	963	17.7652	36.5335	108.696	
5	979	17.7662	36.5458	108.743	
5	996	17.756	36.5355	108.703	
5	1013	17.7329	36.5721	108.723	
5	1029	17.7393	36.5432	108.647	
5	1046	17.7341	36.5415	108.662	
5	1063	17.7237	36.5623	108.64	
5	1079	17.6878	36.6166	108.749	
5	1096	17.6743	36.6371	108.724	
5	1113	17.6771	36.6221	108.762	
5	1129	17.6847	36.6143	108.728	
5	1146	17.6764	36.6066	108.745	
5	1163	17.6798	36.6248	108.726	
5	1179	17.6801	36.6205	108.773	
5	1196	17.672	36.6225	108.768	
5	1213	17.6556	36.6276	108.845	
5	1229	17.6924	36.5725	108.768	
5	1246	17.6933	36.5448	108.78	
5	1263	17.7011	36.5556	108.791	
5	1279	17.7159	36.5559	108.839	
5	1296	17.7276	36.5431	108.87	
5	1313	17.7043	36.5435	108.856	
5	1329	17.6981	36.5458	108.949	
5	1346	17.7122	36.5524	108.926	
5	1363	17.7069	36.5549	108.949	
5	1379	17.7073	36.5559	108.927	
5	1396	17.6994	36.5827	109.017	
5	1413	17.7209	36.5408	108.968	
5	1429	17.6886	36.5442	109.065	
5	1446	17.6741	36.5641	109.084	
5	1463	17.6794	36.5603	109.146	
5	1479	17.7068	36.5067	109.085	
5	2329	18.2402	34.2501	110.047	
5	2346	18.2516	34.2095	110.026	
5	2363	18.2741	34.1568	110.09	
5	2379	18.2932	34.0756	110.074	
5	2396	18.2719	34.0212	110.112	
5	2413	18.2449	33.9707	110.113	
5	2429	18.2914	33.8737	110.117	
5	2446	18.2415	33.7797	110.102	
5	2463	18.261	33.7341	110.156	
5	2479	18.2881	33.6409	110.141	
5	2496	18.335	33.538	110.102	
6	-4	15.7376	35.997	109.481	
6	13	15.7409	35.9786	109.507	
6	29	15.7565	35.9376	109.466	
6	46	15.7545	35.9731	109.573	
6	63	15.783	35.974	109.533	
6	79	15.7797	35.919	109.481	
6	96	15.824	35.9142	109.426	
6	113	15.8099	35.9522	109.515	
6	129	15.7746	35.954	109.504	
6	146	15.8049	35.9469	109.499	
6	163	15.8012	35.9465	109.457	
6	179	15.7733	35.9779	109.509	
6	196	15.7993	35.9569	109.427	
6	213	15.8106	35.9505	109.482	
6	229	15.7864	35.996	109.473	
6	246	15.7422	36.0188	109.545	
6	263	15.7894	36.0029	109.471	
6	279	15.8054	36.004	109.476	
6	296	15.7772	36.0184	109.465	
6	313	15.7829	36.0414	109.483	
6	329	15.8124	36.023	109.463	
6	346	15.8104	36.0314	109.41	
6	363	15.7782	36.066	109.467	
6	379	15.8084	36.0601	109.399	
6	396	15.8056	36.1159	109.495	
6	413	15.7764	36.1133	109.416	
6	429	15.7674	36.1546	109.477	
6	446	15.821	36.152	109.39	
6	463	15.7923	36.1629	109.42	
6	479	15.7476	36.2403	109.482	
6	496	15.7563	36.2609	109.527	
6	513	15.7852	36.2438	109.473	
6	529	15.7745	36.2599	109.431	
6	546	15.7735	36.2833	109.45	
6	563	15.8054	36.3175	109.461	
6	579	15.7984	36.2908	109.438	
6	596	15.789	36.3228	109.471	
6	613	15.7855	36.3305	109.516	
6	629	15.8194	36.3064	109.471	
6	646	15.8252	36.3311	109.477	
6	663	15.8368	36.3389	109.475	
6	679	15.8537	36.3392	109.475	
6	696	15.8628	36.3273	109.489	
6	713	15.8613	36.3139	109.459	
6	729	15.8398	36.404	109.567	
6	746	15.8537	36.4213	109.547	
6	763	15.8531	36.4116	109.515	
6	779	15.8471	36.4499	109.512	
6	796	15.8548	36.4714	109.529	
6	813	15.8624	36.4457	109.498	
6	829	15.8203	36.4664	109.553	
6	846	15.8108	36.5543	109.632	
6	863	15.8374	36.5284	109.621	
6	879	15.828	36.5155	109.567	
6	896	15.817	36.5713	109.614	
6	913	15.8237	36.5578	109.598	
6	929	15.8435	36.5055	109.5	
6	946	15.8269	36.541	109.526	
6	963	15.8042	36.588	109.571	
6	979	15.8048	36.5997	109.617	
6	996	15.7948	36.589	109.578	
6	1013	15.7717	36.6244	109.598	
6	1029	15.7786	36.5953	109.523	
6	1046	15.7732	36.5919	109.538	
6	1063	15.7636	36.6126	109.517	
6	1079	15.727	36.6648	109.625	
6	1096	15.7137	36.6843	109.601	
6	1113	15.7172	36.6698	109.64	
6	1129	15.7248	36.6613	109.606	
6	1146	15.7164	36.6535	109.623	
6	1163	15.7201	36.6719	109.605	
6	1179	15.7196	36.6666	109.65	
6	1196	15.7116	36.669	109.645	
6	1213	15.6948	36.6746	109.721	
6	1229	15.7324	36.6216	109.646	
6	1246	15.7329	36.5939	109.657	
6	1263	15.7409	36.6061	109.668	
6	1279	15.7558	36.6081	109.716	
6	1296	15.7674	36.5952	109.746	
6	1313	15.7437	36.5948	109.732	
6	1329	15.7379	36.5985	109.826	
6	1346	15.7524	36.6059	109.804	
6	1363	15.7472	36.6075	109.827	
6	1379	15.7483	36.6095	109.807	
6	1396	15.7404	36.6368	109.896	
6	1413	15.7625	36.596	109.849	
6	1429	15.7297	36.5986	109.945	
6	1446	15.715	36.6181	109.963	
6	1463	15.7199	36.6144	110.025	
6	1479	15.7478	36.5623	109.964	
6	2329	16.2686	34.3974	110.888	
6	2346	16.2787	34.3593	110.863	
6	2363	16.3002	34.3098	110.923	
6	2379	16.3174	34.2312	110.903	
6	2396	16.295	34.1794	110.938	
6	2413	16.2673	34.1322	110.937	
6	2429	16.314	34.0383	110.941	
6	2446	16.2636	33.9475	110.923	
6	2463	16.2833	33.9052	110.977	
6	2479	16.3103	33.8163	110.961	
6	2496	16.3581	33.7174	110.922	
7	-4	8.69905	36.0073	112.334	
7	13	8.7012	35.9833	112.357	
7	29	8.71767	35.9436	112.318	
7	46	8.71601	35.9799	112.426	
7	63	8.74441	35.9803	112.385	
7	79	8.7407	35.9229	112.333	
7	96	8.78741	35.9218	112.283	
7	113	8.7746	35.9612	112.375	
7	129	8.73768	35.9555	112.361	
7	146	8.7698	35.9476	112.36	
7	163	8.76749	35.9449	112.321	
7	179	8.74105	35.9757	112.377	
7	196	8.76934	35.9542	112.3	
7	213	8.78177	35.9473	112.357	
7	229	8.75778	35.9879	112.35	
7	246	8.71312	36.0044	112.42	
7	263	8.76248	35.9915	112.351	
7	279	8.77767	35.9874	112.355	
7	296	8.74922	35.999	112.342	
7	313	8.75374	36.0185	112.358	
7	329	8.78389	36.0008	112.339	
7	346	8.78156	36.0073	112.285	
7	363	8.74779	36.0361	112.338	
7	379	8.78014	36.033	112.276	
7	396	8.77653	36.0824	112.37	
7	413	8.74787	36.0758	112.292	
7	429	8.73929	36.1126	112.354	
7	446	8.79601	36.1115	112.275	
7	463	8.76832	36.1174	112.307	
7	479	8.72313	36.1846	112.368	
7	496	8.73357	36.2039	112.417	
7	513	8.76448	36.1855	112.367	
7	529	8.75466	36.1965	112.328	
7	546	8.75601	36.2212	112.352	
7	563	8.78801	36.252	112.364	
7	579	8.7808	36.2212	112.339	
7	596	8.77194	36.2524	112.374	
7	613	8.76787	36.2582	112.417	
7	629	8.80252	36.2355	112.374	
7	646	8.80793	36.2586	112.379	
7	663	8.82041	36.2677	112.379	
7	679	8.83783	36.2692	112.38	
7	696	8.84679	36.2556	112.393	
7	713	8.84613	36.2415	112.366	
7	729	8.82488	36.3296	112.474	
7	746	8.83997	36.3434	112.457	
7	763	8.84117	36.3314	112.43	
7	779	8.83753	36.3726	112.432	
7	796	8.84651	36.3934	112.452	
7	813	8.85404	36.3632	112.421	
7	829	8.81226	36.3829	112.477	
7	846	8.80187	36.4667	112.554	
7	863	8.82878	36.4394	112.543	
7	879	8.81916	36.4253	112.489	
7	896	8.80719	36.4786	112.533	
7	913	8.81447	36.4651	112.519	
7	929	8.83379	36.4131	112.42	
7	946	8.8166	36.4467	112.444	
7	963	8.7929	36.4912	112.487	
7	979	8.79257	36.5016	112.531	
7	996	8.78287	36.4904	112.492	
7	1013	8.76016	36.5224	112.514	
7	1029	8.76875	36.4935	112.443	
7	1046	8.763	36.4859	112.456	
7	1063	8.75578	36.5062	112.442	
7	1079	8.71786	36.5528	112.546	
7	1096	8.70512	36.5692	112.523	
7	1113	8.71056	36.5564	112.567	
7	1129	8.71837	36.5464	112.534	
7	1146	8.7101	36.5394	112.551	
7	1163	8.71424	36.5574	112.534	
7	1179	8.71202	36.5501	112.575	
7	1196	8.70393	36.5527	112.57	
7	1213	8.68593	36.5583	112.643	
7	1229	8.72505	36.5111	112.571	
7	1246	8.7244	36.4831	112.579	
7	1263	8.73257	36.4983	112.591	
7	1279	8.74732	36.5043	112.639	
7	1296	8.7587	36.4907	112.669	
7	1313	8.7344	36.4882	112.653	
7	1329	8.7292	36.4954	112.748	
7	1346	8.74482	36.5045	112.728	
7	1363	8.73995	36.5046	112.753	
7	1379	8.74291	36.5089	112.736	
7	1396	8.73471	36.5371	112.826	
7	1413	8.75831	36.4996	112.782	
7	1429	8.72446	36.4997	112.875	
7	1446	8.7096	36.5177	112.893	
7	1463	8.71343	36.5137	112.952	
7	1479	8.74258	36.466	112.895	
7	2329	9.21984	34.6484	113.704	
7	2346	9.22577	34.614	113.668	
7	2363	9.24352	34.5703	113.718	
7	2379	9.25529	34.4961	113.683	
7	2396	9.22925	34.4496	113.709	
7	2413	9.19925	34.4116	113.701	
7	2429	9.24574	34.3264	113.703	
7	2446	9.19401	34.2455	113.681	
7	2463	9.21393	34.2142	113.734	
7	2479	9.24056	34.1379	113.715	
7	2496	9.28981	34.051	113.679	
8	-4	6.35872	35.9221	113.203	
8	13	6.3608	35.8966	113.226	
8	29	6.37741	35.8567	113.187	
8	46	6.37583	35.8926	113.295	
8	63	6.40431	35.8924	113.254	
8	79	6.40069	35.8342	113.202	
8	96	6.44788	35.8335	113.153	
8	113	6.43533	35.8728	113.246	
8	129	6.39832	35.8656	113.232	
8	146	6.43087	35.8574	113.232	
8	163	6.4289	35.8544	113.194	
8	179	6.40272	35.8848	113.25	
8	196	6.4314	35.8629	113.174	
8	213	6.44408	35.856	113.233	
8	229	6.42029	35.8953	113.225	
8	246	6.37572	35.9101	113.296	
8	263	6.42541	35.8969	113.228	
8	279	6.44063	35.8912	113.231	
8	296	6.41222	35.9015	113.219	
8	313	6.41667	35.9195	113.234	
8	329	6.44697	35.9011	113.216	
8	346	6.44469	35.9067	113.161	
8	363	6.41085	35.9336	113.214	
8	379	6.44358	35.9305	113.153	
8	396	6.44003	35.9781	113.246	
8	413	6.41165	35.97	113.169	
8	429	6.40334	36.0053	113.232	
8	446	6.46069	36.0039	113.154	
8	463	6.4334	36.0085	113.187	
8	479	6.38843	36.0731	113.249	
8	496	6.3993	36.0916	113.298	
8	513	6.43065	36.0725	113.25	
8	529	6.42113	36.082	113.211	
8	546	6.4229	36.1063	113.237	
8	563	6.45505	36.1359	113.248	
8	579	6.44792	36.1039	113.224	
8	596	6.4392	36.1342	113.259	
8	613	6.43511	36.1392	113.302	
8	629	6.46987	36.1164	113.259	
8	646	6.47528	36.1388	113.263	
8	663	6.48788	36.148	113.264	
8	679	6.50537	36.1495	113.266	
8	696	6.51436	36.1355	113.279	
8	713	6.51388	36.1213	113.252	
8	729	6.49272	36.2087	113.36	
8	746	6.50812	36.2218	113.344	
8	763	6.50972	36.2095	113.317	
8	779	6.50644	36.2511	113.321	
8	796	6.51567	36.2719	113.341	
8	813	6.52332	36.2409	113.31	
8	829	6.48164	36.2606	113.367	
8	846	6.47121	36.3434	113.443	
8	863	6.49823	36.3156	113.433	
8	879	6.48866	36.3014	113.379	
8	896	6.47662	36.3543	113.423	
8	913	6.48402	36.3404	113.409	
8	929	6.50333	36.2888	113.31	
8	946	6.48613	36.322	113.334	
8	963	6.46234	36.3659	113.377	
8	979	6.46193	36.3762	113.421	
8	996	6.45234	36.365	113.382	
8	1013	6.42979	36.3964	113.404	
8	1029	6.43868	36.3679	113.334	
8	1046	6.43299	36.3597	113.348	
8	1063	6.42618	36.3801	113.334	
8	1079	6.38819	36.4258	113.438	
8	1096	6.37561	36.4415	113.416	
8	1113	6.38134	36.429	113.461	
8	1129	6.38924	36.4188	113.428	
8	1146	6.38103	36.4122	113.445	
8	1163	6.38524	36.4297	113.428	
8	1179	6.38284	36.4222	113.469	
8	1196	6.37471	36.4245	113.463	
8	1213	6.35653	36.4296	113.535	
8	1229	6.39582	36.3831	113.464	
8	1246	6.39502	36.3548	113.472	
8	1263	6.40317	36.3703	113.484	
8	1279	6.41787	36.3766	113.531	
8	1296	6.42923	36.3629	113.561	
8	1313	6.40488	36.3601	113.545	
8	1329	6.39973	36.3678	113.64	
8	1346	6.41548	36.377	113.621	
8	1363	6.41068	36.3771	113.645	
8	1379	6.41391	36.3816	113.63	
8	1396	6.40571	36.4099	113.719	
8	1413	6.42958	36.3729	113.676	
8	1429	6.39563	36.3724	113.769	
8	1446	6.38082	36.3901	113.787	
8	1463	6.38462	36.3857	113.846	
8	1479	6.41395	36.3387	113.789	
8	2329	6.87241	34.6427	114.557	
8	2346	6.87722	34.6085	114.519	
8	2363	6.89397	34.5655	114.566	
8	2379	6.90456	34.4918	114.528	
8	2396	6.87769	34.4461	114.551	
8	2413	6.84707	34.4103	114.541	
8	2429	6.89333	34.327	114.542	
8	2446	6.84131	34.2488	114.519	
8	2463	6.8612	34.2203	114.572	
8	2479	6.88767	34.147	114.553	
8	2496	6.93703	34.0629	114.517	
9	-4	-0.241422	35.4517	115.476	
9	13	-0.23888	35.4236	115.499	
9	29	-0.222205	35.3805	115.46	
9	46	-0.223639	35.4132	115.568	
9	63	-0.194769	35.4096	115.527	
9	79	-0.197793	35.3486	115.476	
9	96	-0.150149	35.3456	115.428	
9	113	-0.162382	35.3832	115.521	
9	129	-0.198765	35.375	115.508	
9	146	-0.165628	35.3657	115.509	
9	163	-0.167059	35.3627	115.473	
9	179	-0.192945	35.3918	115.53	
9	196	-0.163913	35.368	115.455	
9	213	-0.150803	35.3604	115.514	
9	229	-0.173724	35.3981	115.509	
9	246	-0.217447	35.4092	115.581	
9	263	-0.167432	35.3913	115.512	
9	279	-0.151416	35.3821	115.518	
9	296	-0.179177	35.3877	115.506	
9	313	-0.17404	35.4008	115.523	
9	329	-0.143248	35.3781	115.504	
9	346	-0.144876	35.3799	115.451	
9	363	-0.17779	35.4028	115.506	
9	379	-0.144558	35.3957	115.444	
9	396	-0.147071	35.4397	115.54	
9	413	-0.174433	35.4277	115.465	
9	429	-0.181737	35.459	115.53	
9	446	-0.123555	35.4542	115.453	
9	463	-0.149717	35.4555	115.489	
9	479	-0.193289	35.5166	115.554	
9	496	-0.18166	35.5311	115.605	
9	513	-0.149543	35.5088	115.557	
9	529	-0.158155	35.5152	115.52	
9	546	-0.156001	35.5354	115.546	
9	563	-0.123272	35.5618	115.558	
9	579	-0.129793	35.5266	115.535	
9	596	-0.138173	35.5534	115.57	
9	613	-0.141947	35.5555	115.613	
9	629	-0.107077	35.5303	115.569	
9	646	-0.101463	35.5504	115.574	
9	663	-0.0888205	35.5581	115.574	
9	679	-0.0713217	35.5584	115.575	
9	696	-0.0621254	35.5438	115.589	
9	713	-0.0623494	35.5296	115.563	
9	729	-0.0832611	35.6153	115.671	
9	746	-0.0673625	35.6275	115.656	
9	763	-0.0652838	35.615	115.631	
9	779	-0.0684711	35.656	115.634	
9	796	-0.0589724	35.6767	115.655	
9	813	-0.0508026	35.6464	115.626	
9	829	-0.0922371	35.6662	115.683	
9	846	-0.102264	35.7479	115.761	
9	863	-0.0748972	35.719	115.752	
9	879	-0.0840431	35.7046	115.698	
9	896	-0.0956361	35.7571	115.744	
9	913	-0.0880414	35.7416	115.73	
9	929	-0.0684376	35.6907	115.632	
9	946	-0.0852832	35.7234	115.657	
9	963	-0.108718	35.7665	115.7	
9	979	-0.108782	35.7772	115.746	
9	996	-0.118066	35.7663	115.708	
9	1013	-0.140096	35.7977	115.732	
9	1029	-0.130993	35.77	115.662	
9	1046	-0.136124	35.7628	115.678	
9	1063	-0.142714	35.7829	115.665	
9	1079	-0.180064	35.8291	115.771	
9	1096	-0.192282	35.844	115.75	
9	1113	-0.186461	35.8309	115.794	
9	1129	-0.178291	35.8206	115.762	
9	1146	-0.186293	35.8149	115.78	
9	1163	-0.182	35.8307	115.762	
9	1179	-0.184045	35.8237	115.805	
9	1196	-0.192186	35.824	115.799	
9	1213	-0.210261	35.8267	115.871	
9	1229	-0.171204	35.7787	115.798	
9	1246	-0.171918	35.7497	115.806	
9	1263	-0.163922	35.7638	115.817	
9	1279	-0.149332	35.7687	115.863	
9	1296	-0.137981	35.7548	115.893	
9	1313	-0.162188	35.7527	115.878	
9	1329	-0.167503	35.7594	115.972	
9	1346	-0.151869	35.7682	115.952	
9	1363	-0.156638	35.7692	115.977	
9	1379	-0.153403	35.7731	115.961	
9	1396	-0.161408	35.8006	116.051	
9	1413	-0.137217	35.7635	116.008	
9	1429	-0.170855	35.7622	116.102	
9	1446	-0.185315	35.7797	116.121	
9	1463	-0.180858	35.7744	116.182	
9	1479	-0.151516	35.7269	116.124	
9	2329	0.242418	34.4002	116.779	
9	2346	0.244334	34.3623	116.731	
9	2363	0.258535	34.3171	116.769	
9	2379	0.267048	34.2426	116.725	
9	2396	0.238502	34.1968	116.743	
9	2413	0.206392	34.1635	116.728	
9	2429	0.251528	34.082	116.726	
9	2446	0.198902	34.0085	116.701	
9	2463	0.218323	33.9847	116.753	
9	2479	0.24414	33.916	116.731	
9	2496	0.292879	33.8355	116.693	
10	-4	-2.60381	35.2007	116.25	
10	13	-2.60094	35.1723	116.275	
10	29	-2.58425	35.1269	116.234	
10	46	-2.58564	35.1572	116.341	
10	63	-2.55665	35.1514	116.3	
10	79	-2.55951	35.0891	116.249	
10	96	-2.51203	35.0832	116.199	
10	113	-2.52434	35.1192	116.291	
10	129	-2.56037	35.1121	116.28	
10	146	-2.52726	35.1019	116.281	
10	163	-2.52862	35.0992	116.245	
10	179	-2.5545	35.1275	116.302	
10	196	-2.52544	35.1028	116.226	
10	213	-2.51219	35.0947	116.285	
10	229	-2.53472	35.1325	116.282	
10	246	-2.57795	35.143	116.355	
10	263	-2.52784	35.1217	116.286	
10	279	-2.5113	35.1118	116.292	
10	296	-2.53861	35.1157	116.281	
10	313	-2.53294	35.1271	116.299	
10	329	-2.50187	35.1018	116.28	
10	346	-2.50311	35.102	116.228	
10	363	-2.53543	35.1241	116.284	
10	379	-2.50212	35.114	116.222	
10	396	-2.50406	35.1578	116.32	
10	413	-2.53104	35.1445	116.245	
10	429	-2.53801	35.1744	116.311	
10	446	-2.47979	35.167	116.233	
10	463	-2.50564	35.1674	116.269	
10	479	-2.54863	35.2289	116.336	
10	496	-2.53687	35.2412	116.386	
10	513	-2.50457	35.2172	116.339	
10	529	-2.51282	35.2229	116.303	
10	546	-2.51068	35.2403	116.326	
10	563	-2.47771	35.2656	116.339	
10	579	-2.48391	35.2296	116.317	
10	596	-2.49216	35.2546	116.351	
10	613	-2.49573	35.2555	116.394	
10	629	-2.46083	35.2285	116.35	
10	646	-2.45506	35.2478	116.355	
10	663	-2.44244	35.2542	116.355	
10	679	-2.425	35.2534	116.355	
10	696	-2.41569	35.2388	116.369	
10	713	-2.41588	35.2245	116.343	
10	729	-2.43674	35.3098	116.451	
10	746	-2.42081	35.3219	116.436	
10	763	-2.41875	35.3094	116.411	
10	779	-2.42212	35.349	116.413	
10	796	-2.41266	35.3695	116.434	
10	813	-2.40432	35.3404	116.406	
10	829	-2.44568	35.3603	116.463	
10	846	-2.45547	35.4423	116.542	
10	863	-2.42799	35.4131	116.533	
10	879	-2.43693	35.3986	116.48	
10	896	-2.44821	35.4513	116.527	
10	913	-2.44062	35.4348	116.512	
10	929	-2.42082	35.384	116.415	
10	946	-2.43746	35.4167	116.441	
10	963	-2.46066	35.4598	116.485	
10	979	-2.46046	35.4709	116.531	
10	996	-2.46965	35.46	116.494	
10	1013	-2.49149	35.4918	116.518	
10	1029	-2.48245	35.4639	116.448	
10	1046	-2.48727	35.4578	116.466	
10	1063	-2.49398	35.4774	116.452	
10	1079	-2.53086	35.5248	116.56	
10	1096	-2.54294	35.5397	116.539	
10	1113	-2.53723	35.5255	116.583	
10	1129	-2.52891	35.5153	116.551	
10	1146	-2.5368	35.5096	116.569	
10	1163	-2.5325	35.5247	116.552	
10	1179	-2.53418	35.5182	116.595	
10	1196	-2.5423	35.5176	116.589	
10	1213	-2.56019	35.5195	116.661	
10	1229	-2.5214	35.4694	116.587	
10	1246	-2.52197	35.4403	116.595	
10	1263	-2.51406	35.4534	116.605	
10	1279	-2.49955	35.4571	116.651	
10	1296	-2.4882	35.4433	116.681	
10	1313	-2.51228	35.442	116.666	
10	1329	-2.51775	35.4478	116.759	
10	1346	-2.50227	35.4559	116.739	
10	1363	-2.50703	35.4576	116.764	
10	1379	-2.50397	35.4606	116.747	
10	1396	-2.51185	35.4877	116.837	
10	1413	-2.48767	35.4497	116.794	
10	1429	-2.52104	35.4487	116.889	
10	1446	-2.53532	35.4665	116.908	
10	1463	-2.53048	35.4611	116.97	
10	1479	-2.50123	35.4123	116.912	
10	2329	-2.13244	34.2349	117.539	
10	2346	-2.13188	34.1933	117.485	
10	2363	-2.11878	34.1451	117.519	
10	2379	-2.11105	34.0687	117.471	
10	2396	-2.14022	34.0215	117.487	
10	2413	-2.17297	33.9873	117.469	
10	2429	-2.12838	33.9047	117.465	
10	2446	-2.18137	33.8312	117.439	
10	2463	-2.16231	33.8072	117.489	
10	2479	-2.13694	33.7382	117.466	
10	2496	-2.08866	33.657	117.426	

